Best:   139.901
Median: 99.7013
c:      [0,6,0]
v:      0.150667
Mean:   132.867
Worst:  138.342
STD:    31.4706
SR:     0
vio:    0.159128
