1 1

f: -0.954230
g: 6.25936e-11 
h: 2.35183e-09 

