Best:   8.63933
Median: 14.9227
c:      [0,0,1]
v:      7.5892e-05
Mean:   14.5456
Worst:  14.9234
STD:    2.85449
SR:     48
vio:    0.000137213
