Best:   0
Median: 0
c:      [0,0,0]
v:      0
Mean:   0.000192
Worst:  0.003079
STD:    0.000674139
SR:     100
vio:    0
