Best:   -3.92706
Median: -3.92706
c:      [0,0,0]
v:      0
Mean:   -2.79609
Worst:  5.49772
STD:    2.15468
SR:     100
vio:    0
