Best:   3.98791
Median: 3.98792
c:      [0,0,0]
v:      0
Mean:   3.98808
Worst:  3.98997
STD:    0.000463621
SR:     100
vio:    0
