Best:   -7.06865
Median: -3.92706
c:      [0,0,0]
v:      0
Mean:   -4.05273
Worst:  -0.785469
STD:    1.081
SR:     100
vio:    0
