Best:   0.28479
Median: 0.68794
c:      [0,0,0]
v:      0
Mean:   0.639852
Worst:  0.851028
STD:    0.164821
SR:     100
vio:    0
