Best:   3.98791
Median: 3.98793
c:      [0,0,0]
v:      0
Mean:   3.98794
Worst:  3.98807
STD:    3.15142e-05
SR:     100
vio:    0
