Best:   -0.785355
Median: 11.7809
c:      [0,0,0]
v:      0
Mean:   11.6553
Worst:  14.9224
STD:    4.11823
SR:     88
vio:    9.4301e-06
