Best:   135.147
Median: 158.604
c:      [0,6,0]
v:      0.248355
Mean:   153.399
Worst:  142.419
STD:    46.7799
SR:     0
vio:    0.249567
