Best:   -0.091458
Median: 2.39258
c:      [0,0,0]
v:      3.07083e-07
Mean:   0.120363
Worst:  -4.43488
STD:    2.71074
SR:     8
vio:    4.26691e-05
