Best:   0
Median: 1e-06
c:      [0,0,0]
v:      0
Mean:   0.00031412
Worst:  0.007166
STD:    0.00140151
SR:     100
vio:    0
