Best:   6.4e-05
Median: 0.000192
c:      [1,0,0]
v:      4422.4
Mean:   0.0151335
Worst:  0.356412
STD:    0.0696844
SR:     0
vio:    4422.4
