Best:   3.33198
Median: 3.57122
c:      [0,0,0]
v:      0
Mean:   3.57147
Worst:  3.84374
STD:    0.154993
SR:     100
vio:    0
