Best:   -0.000473
Median: -0.000462
c:      [0,0,0]
v:      0
Mean:   -0.00046052
Worst:  -0.000446
STD:    7.18955e-06
SR:     100
vio:    0
