Best:   -0.785469
Median: 8.63931
c:      [0,0,0]
v:      0
Mean:   7.25703
Worst:  11.781
STD:    3.4506
SR:     100
vio:    0
