Best:   818653
Median: 77103.5
c:      [0,0,1]
v:      0.000277662
Mean:   173602
Worst:  90804
STD:    192493
SR:     0
vio:    0.000711186
