Best:   -0.785458
Median: 5.49775
c:      [0,0,0]
v:      0
Mean:   6.00043
Worst:  14.9225
STD:    4.5029
SR:     100
vio:    0
