Best:   -0.168806
Median: -0.168772
c:      [0,0,0]
v:      0
Mean:   -0.168777
Worst:  -0.168756
STD:    1.21376e-05
SR:     100
vio:    0
