Best:   96.8762
Median: 2298.01
c:      [0,6,0]
v:      0.0877183
Mean:   1081.51
Worst:  1660.6
STD:    675.072
SR:     16
vio:    0.100729
