Best:   0.033845
Median: 1.54876
c:      [0,0,0]
v:      0
Mean:   4.79788
Worst:  16.6787
STD:    5.27194
SR:     100
vio:    0
