Best:   2.37633
Median: 2.38685
c:      [0,0,0]
v:      0
Mean:   2.4159
Worst:  2.6527
STD:    0.0727326
SR:     100
vio:    0
