Best:   3.9879
Median: 3.98792
c:      [0,0,0]
v:      0
Mean:   4.05992
Worst:  5.48133
STD:    0.295102
SR:     100
vio:    0
