Best:   5.49779
Median: 5.49779
c:      [0,0,0]
v:      0
Mean:   8.01106
Worst:  14.9226
STD:    3.32475
SR:     100
vio:    0
