Best:   0
Median: 0.023191
c:      [0,0,0]
v:      0
Mean:   0.406379
Worst:  4.00309
STD:    1.07225
SR:     100
vio:    0
