Best:   0.000131
Median: 0.016114
c:      [0,0,0]
v:      0
Mean:   1.46526
Worst:  30.4674
STD:    5.97632
SR:     100
vio:    0
