Best:   2.71089
Median: 2.93027
c:      [0,0,0]
v:      0
Mean:   2.92385
Worst:  3.13464
STD:    0.120124
SR:     100
vio:    0
