Best:   4e-06
Median: 0.000857
c:      [1,0,0]
v:      4422.4
Mean:   0.00136392
Worst:  0.01421
STD:    0.00306625
SR:     0
vio:    4422.4
