Best:   0.009865
Median: 0.009865
c:      [1,1,0]
v:      4.78052
Mean:   0.0262974
Worst:  0.420675
STD:    0.080502
SR:     0
vio:    4.83189
