Best:   -0.00051
Median: -0.00051
c:      [0,0,0]
v:      0
Mean:   -0.00051
Worst:  -0.00051
STD:    0
SR:     100
vio:    0
