Best:   3.12843
Median: 3.56689
c:      [0,0,0]
v:      0
Mean:   3.56186
Worst:  4.02346
STD:    0.200001
SR:     100
vio:    0
