Best:   0.009865
Median: 0.009865
c:      [1,1,0]
v:      4.78052
Mean:   0.183998
Worst:  0.007396
STD:    0.272161
SR:     0
vio:    5.78135
