Best:   0.042872
Median: 0.049925
c:      [1,0,0]
v:      4422.4
Mean:   1.62405
Worst:  13.481
STD:    4.67508
SR:     0
vio:    4423.07
