Best:   0
Median: 1e-06
c:      [0,0,0]
v:      0
Mean:   0.00160364
Worst:  0.039119
STD:    0.0076584
SR:     100
vio:    0
