Best:   -0.000436
Median: -0.000407
c:      [0,0,0]
v:      0
Mean:   -0.000407
Worst:  -0.000379
STD:    1.39714e-05
SR:     100
vio:    0
