Best:   2.37633
Median: 2.37634
c:      [0,0,0]
v:      0
Mean:   2.41016
Worst:  2.60394
STD:    0.0656491
SR:     100
vio:    0
