Best:   -0.785425
Median: 11.7809
c:      [0,0,0]
v:      0
Mean:   11.404
Worst:  8.63976
STD:    4.10286
SR:     80
vio:    3.00465e-05
