Best:   43.9823
Median: 64.4026
c:      [0,0,0]
v:      0
Mean:   64.4654
Worst:  81.681
STD:    8.63198
SR:     88
vio:    1.03967e-05
