Best:   34.25
Median: 36.3501
c:      [0,0,2]
v:      0.00113808
Mean:   68.8153
Worst:  133.537
STD:    141.556
SR:     36
vio:    1.05204
