Best:   -0.118261
Median: -2.05204
c:      [0,0,0]
v:      6.61455e-08
Mean:   0.469573
Worst:  -4.36392
STD:    2.73671
SR:     12
vio:    3.83313e-05
