Best:   2.68957
Median: 2.96849
c:      [0,0,0]
v:      0
Mean:   3.01723
Worst:  3.51286
STD:    0.207125
SR:     100
vio:    0
