Best:   0.002367
Median: 0.002117
c:      [1,0,0]
v:      4422.4
Mean:   0.0300577
Worst:  0.698507
STD:    0.136448
SR:     0
vio:    4422.42
