Best:   0.009908
Median: 0.009865
c:      [1,1,0]
v:      4.78052
Mean:   0.0264078
Worst:  0.423392
STD:    0.0810341
SR:     0
vio:    4.82027
