Best:   0.000104
Median: 4.4e-05
c:      [1,0,0]
v:      4422.4
Mean:   0.00134984
Worst:  4.3e-05
STD:    0.00448452
SR:     0
vio:    4422.4
