Best:   -0.161658
Median: -4.01474
c:      [0,0,2]
v:      0.000108372
Mean:   -1.54937
Worst:  -5.24541
STD:    3.23103
SR:     4
vio:    0.00019722
