Best:   3.14506
Median: 3.46473
c:      [0,0,0]
v:      0
Mean:   3.49414
Worst:  3.91494
STD:    0.202827
SR:     100
vio:    0
