Best:   -0.001348
Median: -0.001348
c:      [0,0,0]
v:      0
Mean:   -0.001348
Worst:  -0.001348
STD:    6.50521e-19
SR:     100
vio:    0
