Best:   5.49775
Median: 14.9227
c:      [0,0,1]
v:      6.1435e-05
Mean:   16.8077
Worst:  18.067
STD:    4.61722
SR:     44
vio:    0.000288506
