Best:   5.43902
Median: 13.6749
c:      [0,0,0]
v:      0
Mean:   13.4482
Worst:  19.4216
STD:    3.61572
SR:     100
vio:    0
