Best:   0.009865
Median: 0.009857
c:      [1,1,0]
v:      5.8101
Mean:   0.130289
Worst:  0.007396
STD:    0.25838
SR:     0
vio:    7.20977
