Best:   -0.000146
Median: 0.017727
c:      [0,0,1]
v:      5.23837e-05
Mean:   0.0287071
Worst:  0.247878
STD:    0.0499126
SR:     44
vio:    0.00172455
