Best:   0.002099
Median: 0.404375
c:      [0,0,0]
v:      0
Mean:   10.9711
Worst:  68.933
STD:    23.0811
SR:     100
vio:    0
