Best:   -0.003159
Median: 1.16509
c:      [0,0,0]
v:      0
Mean:   3.13507
Worst:  12.1835
STD:    3.33776
SR:     100
vio:    0
