Best:   0.009865
Median: 0.009865
c:      [1,1,0]
v:      4.78052
Mean:   0.009865
Worst:  0.009865
STD:    5.20417e-18
SR:     0
vio:    4.78051
