Best:   0.819393
Median: 0.951913
c:      [0,0,0]
v:      0
Mean:   0.968829
Worst:  1.13407
STD:    0.0918436
SR:     100
vio:    0
