Best:   3.00773
Median: 3.52746
c:      [0,0,0]
v:      0
Mean:   3.52478
Worst:  3.81023
STD:    0.197457
SR:     100
vio:    0
