Best:   -7.06865
Median: -3.92706
c:      [0,0,0]
v:      0
Mean:   -3.67573
Worst:  -0.785469
STD:    1.5184
SR:     100
vio:    0
