Best:   5.4978
Median: 18.0641
c:      [0,0,0]
v:      0
Mean:   13.9172
Worst:  18.0624
STD:    3.29122
SR:     60
vio:    0.000149978
