Best:   109.199
Median: 106.779
c:      [0,6,0]
v:      0.193849
Mean:   134.161
Worst:  118.647
STD:    24.9202
SR:     0
vio:    0.195251
