Best:   -0.003117
Median: 0.50471
c:      [0,0,0]
v:      0
Mean:   3.34933
Worst:  6.51519
STD:    4.25748
SR:     96
vio:    2.12484e-06
