Best:   3e-05
Median: 0.041647
c:      [0,0,0]
v:      0
Mean:   0.393561
Worst:  4.0572
STD:    1.075
SR:     100
vio:    0
