Best:   0
Median: 0
c:      [0,0,0]
v:      0
Mean:   3.976e-05
Worst:  0.000454
STD:    0.00010434
SR:     100
vio:    0
