Best:   0.042351
Median: 2.90661
c:      [0,0,0]
v:      0
Mean:   2.69057
Worst:  4.80403
STD:    1.27639
SR:     100
vio:    0
