Best:   2.81789
Median: 3.19805
c:      [0,0,0]
v:      0
Mean:   3.18311
Worst:  3.50301
STD:    0.198017
SR:     100
vio:    0
