Best:   45.553
Median: 69.1149
c:      [0,0,0]
v:      0
Mean:   66.476
Worst:  70.6856
STD:    9.64959
SR:     96
vio:    2.79534e-06
