Best:   3.98791
Median: 3.98797
c:      [0,0,0]
v:      0
Mean:   5.87143
Worst:  22.787
STD:    4.59021
SR:     100
vio:    0
