Best:   2.84653
Median: 3.13385
c:      [0,0,0]
v:      0
Mean:   3.1214
Worst:  3.29972
STD:    0.11704
SR:     100
vio:    0
