Best:   3.98799
Median: 3.98807
c:      [0,0,0]
v:      0
Mean:   3.98807
Worst:  3.98823
STD:    5.53418e-05
SR:     100
vio:    0
