Best:   3.9879
Median: 3.98793
c:      [0,0,0]
v:      0
Mean:   5.63529
Worst:  22.868
STD:    4.54729
SR:     100
vio:    0
