Best:   2.37633
Median: 2.45826
c:      [0,0,0]
v:      0
Mean:   2.48436
Worst:  2.81097
STD:    0.114879
SR:     100
vio:    0
