Best:   -298.945
Median: -8.02342
c:      [0,0,2]
v:      0.000100315
Mean:   -150.836
Worst:  -116.214
STD:    95.8559
SR:     44
vio:    0.000484354
