Best:   0.07446
Median: 0.302675
c:      [0,0,0]
v:      0
Mean:   0.299581
Worst:  0.495422
STD:    0.104131
SR:     100
vio:    0
