Best:   0.041419
Median: 0.174552
c:      [0,0,0]
v:      0
Mean:   0.186888
Worst:  0.383072
STD:    0.0902394
SR:     100
vio:    0
