Best:   -0.168819
Median: -1.46908
c:      [0,0,0]
v:      2.32628e-09
Mean:   -24.8448
Worst:  -592.005
STD:    115.773
SR:     20
vio:    55.2528
