Best:   2.78248
Median: 3.08316
c:      [0,0,0]
v:      0
Mean:   3.109
Worst:  3.57543
STD:    0.205341
SR:     100
vio:    0
