Best:   2.37633
Median: 2.37633
c:      [0,0,0]
v:      0
Mean:   2.47585
Worst:  2.87244
STD:    0.145827
SR:     100
vio:    0
