Best:   4718.09
Median: 33404.3
c:      [0,0,1]
v:      0.000164475
Mean:   41913.3
Worst:  31222.6
STD:    38227.1
SR:     44
vio:    0.000192479
