Best:   -0.168745
Median: -0.168639
c:      [0,0,0]
v:      0
Mean:   -0.168651
Worst:  -0.168533
STD:    4.90909e-05
SR:     100
vio:    0
