Best:   -7.06865
Median: -0.785469
c:      [0,0,0]
v:      0
Mean:   -1.66511
Worst:  2.35626
STD:    3.01593
SR:     100
vio:    0
