Best:   -0.000301
Median: 0.000299
c:      [0,0,0]
v:      0
Mean:   0.00069136
Worst:  0.006877
STD:    0.00139698
SR:     100
vio:    0
