Best:   0.009865
Median: 0.420813
c:      [2,0,0]
v:      6.02023
Mean:   0.201179
Worst:  0.007396
STD:    0.255861
SR:     0
vio:    6.97036
