Best:   0.037471
Median: 0.142995
c:      [0,0,0]
v:      0
Mean:   0.186355
Worst:  0.515517
STD:    0.110688
SR:     100
vio:    0
