Best:   0.000101
Median: 0.003169
c:      [0,0,0]
v:      0
Mean:   0.482796
Worst:  3.99042
STD:    1.29491
SR:     100
vio:    0
