Best:   0.009865
Median: 0.009865
c:      [1,1,0]
v:      4.78052
Mean:   0.0667889
Worst:  0.611343
STD:    0.157264
SR:     0
vio:    5.03744
