Best:   2.35612
Median: 5.49784
c:      [0,0,0]
v:      0
Mean:   8.01101
Worst:  14.9225
STD:    3.66369
SR:     100
vio:    0
