Best:   0.001382
Median: 0.00147
c:      [1,0,0]
v:      4422.4
Mean:   0.00281416
Worst:  0.002728
STD:    0.00652879
SR:     0
vio:    4422.4
