Best:   -0.001651
Median: 1.06229
c:      [0,0,0]
v:      0
Mean:   2.79349
Worst:  12.7913
STD:    3.61828
SR:     100
vio:    0
