Best:   0
Median: 0
c:      [0,0,0]
v:      0
Mean:   0.00020212
Worst:  0.002926
STD:    0.000616107
SR:     100
vio:    0
