Best:   0.64791
Median: 0.915815
c:      [0,0,0]
v:      0
Mean:   0.902988
Worst:  1.13263
STD:    0.121182
SR:     100
vio:    0
