Best:   0.000651
Median: 0.008232
c:      [0,0,0]
v:      0
Mean:   0.178871
Worst:  3.98985
STD:    0.779256
SR:     100
vio:    0
