Best:   3.9879
Median: 3.98791
c:      [0,0,0]
v:      0
Mean:   4.00621
Worst:  4.17572
STD:    0.0455629
SR:     100
vio:    0
