Best:   0.009865
Median: 0.612236
c:      [2,0,0]
v:      8.52923
Mean:   0.102784
Worst:  0.007396
STD:    0.193682
SR:     0
vio:    7.78802
