Best:   -0.004925
Median: 2.49085
c:      [0,0,0]
v:      0
Mean:   3.32619
Worst:  12.425
STD:    3.23637
SR:     100
vio:    0
