Best:   0
Median: 8.2932
c:      [1,0,0]
v:      4425.73
Mean:   8.36764
Worst:  20.1426
STD:    8.29264
SR:     0
vio:    4425.6
