Best:   3.9879
Median: 3.9879
c:      [0,0,0]
v:      0
Mean:   3.98817
Worst:  3.99051
STD:    0.000588181
SR:     100
vio:    0
