Best:   -0.00048
Median: 7.5e-05
c:      [0,0,0]
v:      0
Mean:   0.00211524
Worst:  0.045576
STD:    0.00890344
SR:     96
vio:    9.76435e-05
