Best:   -0.168819
Median: -0.097964
c:      [0,0,0]
v:      0
Mean:   -92.5532
Worst:  -636.333
STD:    211.567
SR:     52
vio:    222.208
