Best:   2.91268
Median: 3.41181
c:      [0,0,0]
v:      0
Mean:   3.39915
Worst:  3.53623
STD:    0.243513
SR:     92
vio:    4.51696e-06
