Best:   0.009865
Median: 0.009865
c:      [1,1,0]
v:      4.78052
Mean:   0.00986848
Worst:  0.009952
STD:    1.70484e-05
SR:     0
vio:    4.78384
