Best:   0.006438
Median: 2.03631
c:      [0,0,0]
v:      0
Mean:   9.69124
Worst:  66.5506
STD:    20.1079
SR:     100
vio:    0
