Best:   -0.785358
Median: 8.63931
c:      [0,0,0]
v:      0
Mean:   7.38269
Worst:  14.9225
STD:    3.44142
SR:     100
vio:    0
