Best:   8.63931
Median: 11.7809
c:      [0,0,1]
v:      6.4919e-05
Mean:   14.7968
Worst:  18.0629
STD:    3.26232
SR:     44
vio:    0.000181503
