Best:   0.040982
Median: 0.134111
c:      [0,0,0]
v:      0
Mean:   0.152107
Worst:  0.333419
STD:    0.0761772
SR:     100
vio:    0
