Best:   1.78757
Median: 4.11319
c:      [0,0,0]
v:      0
Mean:   3.80856
Worst:  5.54067
STD:    1.01465
SR:     100
vio:    0
