Best:   90718.3
Median: 106520
c:      [0,0,1]
v:      0.00062629
Mean:   105591
Worst:  434153
STD:    105461
SR:     4
vio:    0.000886588
