Best:   3.98791
Median: 3.98796
c:      [0,0,0]
v:      0
Mean:   3.98806
Worst:  3.98888
STD:    0.000290945
SR:     100
vio:    0
