Best:   -0.001271
Median: -0.001209
c:      [0,0,0]
v:      0
Mean:   -0.00121348
Worst:  -0.001167
STD:    2.46254e-05
SR:     100
vio:    0
