Best:   2.82823
Median: 3.21829
c:      [0,0,0]
v:      0
Mean:   3.22061
Worst:  3.48795
STD:    0.169334
SR:     100
vio:    0
