Best:   3.9879
Median: 3.98791
c:      [0,0,0]
v:      0
Mean:   3.98797
Worst:  3.98912
STD:    0.00023586
SR:     100
vio:    0
