Best:   0.009865
Median: 0.009865
c:      [1,1,0]
v:      4.78052
Mean:   0.0108817
Worst:  0.035283
STD:    0.00498089
SR:     0
vio:    4.83625
