Best:   2.35612
Median: 8.63941
c:      [0,0,0]
v:      0
Mean:   9.51897
Worst:  11.781
STD:    2.74166
SR:     100
vio:    0
