Best:   3.9879
Median: 3.98791
c:      [0,0,0]
v:      0
Mean:   4.03469
Worst:  4.43591
STD:    0.114248
SR:     100
vio:    0
