Best:   3.98812
Median: 4.24958
c:      [0,0,0]
v:      0
Mean:   4.24766
Worst:  4.72331
STD:    0.233365
SR:     100
vio:    0
