Best:   11.7809
Median: 8.63953
c:      [0,0,1]
v:      0.000107756
Mean:   14.043
Worst:  18.0645
STD:    4.02514
SR:     32
vio:    0.000102995
