Best:   84.9386
Median: 1404.35
c:      [0,6,0]
v:      0.171661
Mean:   1327.56
Worst:  1619.09
STD:    1026.11
SR:     20
vio:    0.209142
