Best:   -87.1465
Median: -48.3742
c:      [0,0,2]
v:      0.00145454
Mean:   -6.56115
Worst:  -181.062
STD:    103.088
SR:     4
vio:    0.00203184
