Best:   0.003276
Median: 0.000813
c:      [1,0,0]
v:      4422.4
Mean:   0.00106532
Worst:  4.7e-05
STD:    0.00322188
SR:     0
vio:    4422.4
