Best:   -0.004975
Median: -0.004975
c:      [0,0,0]
v:      0
Mean:   -0.004975
Worst:  -0.004975
STD:    3.46945e-18
SR:     100
vio:    0
