Best:   -0.001295
Median: -0.001284
c:      [0,0,0]
v:      0
Mean:   -0.00127952
Worst:  -0.001228
STD:    1.51344e-05
SR:     100
vio:    0
