Best:   0
Median: 0
c:      [0,0,0]
v:      0
Mean:   0.00010372
Worst:  0.002532
STD:    0.000495725
SR:     100
vio:    0
