Best:   2.86959
Median: 3.4038
c:      [0,0,0]
v:      0
Mean:   3.36292
Worst:  3.76524
STD:    0.205601
SR:     100
vio:    0
