Best:   5.8e-05
Median: 0.007237
c:      [0,0,0]
v:      0
Mean:   0.0226275
Worst:  0.061074
STD:    0.0241603
SR:     56
vio:    0.000439502
