Best:   -0.785469
Median: 2.35612
c:      [0,0,0]
v:      0
Mean:   3.61277
Worst:  11.7808
STD:    4.07196
SR:     96
vio:    3.52936e-06
