Best:   0.167833
Median: 0.391712
c:      [0,0,0]
v:      0
Mean:   0.390999
Worst:  0.634045
STD:    0.125297
SR:     100
vio:    0
