Best:   0.024483
Median: 0.034635
c:      [1,0,0]
v:      4422.4
Mean:   0.432343
Worst:  9.97624
STD:    1.94814
SR:     0
vio:    4422.53
