Best:   0.16924
Median: 0.371414
c:      [0,0,0]
v:      0
Mean:   0.396298
Worst:  0.634022
STD:    0.131015
SR:     100
vio:    0
