Best:   -0.00113
Median: 0.009608
c:      [0,0,0]
v:      0
Mean:   0.0316692
Worst:  0.279123
STD:    0.057228
SR:     56
vio:    0.00161523
