Best:   30.5659
Median: 16.748
c:      [0,0,2]
v:      0.00129371
Mean:   9.98384
Worst:  61.6761
STD:    76.5956
SR:     4
vio:    0.0025385
