Best:   36.5983
Median: 36.5003
c:      [0,0,1]
v:      0.000302946
Mean:   53.0794
Worst:  265.093
STD:    50.4489
SR:     36
vio:    2.83355
