Best:   -0.704264
Median: -1.08427
c:      [0,0,0]
v:      1.12295e-10
Mean:   -33.2026
Worst:  -552.937
STD:    110.718
SR:     0
vio:    27.1443
