Best:   -0.000416
Median: 0.000248
c:      [0,0,0]
v:      0
Mean:   0.00032096
Worst:  0.001849
STD:    0.000557814
SR:     100
vio:    0
