Best:   0.005333
Median: 0.002978
c:      [1,0,0]
v:      4422.4
Mean:   0.00277692
Worst:  0.002634
STD:    0.0014492
SR:     0
vio:    4422.4
