Best:   0.009865
Median: 0.009865
c:      [1,1,0]
v:      4.78052
Mean:   0.119203
Worst:  0.307917
STD:    0.201972
SR:     0
vio:    5.41206
