Best:   241.747
Median: 1144.92
c:      [0,6,0]
v:      0.0724196
Mean:   856.629
Worst:  499.555
STD:    666.713
SR:     16
vio:    0.16263
