Best:   3.32978
Median: 3.61796
c:      [0,0,0]
v:      0
Mean:   3.60652
Worst:  3.90487
STD:    0.16478
SR:     100
vio:    0
