Best:   0.052403
Median: 2.78034
c:      [0,0,0]
v:      0
Mean:   2.85383
Worst:  5.23876
STD:    1.36652
SR:     100
vio:    0
