Best:   2.35618
Median: 5.4978
c:      [0,0,0]
v:      0
Mean:   6.50309
Worst:  2.35611
STD:    3.16912
SR:     92
vio:    4.84654e-06
