Best:   0.017748
Median: 0.009461
c:      [1,0,0]
v:      4422.4
Mean:   0.0038802
Worst:  0.000602
STD:    0.00596903
SR:     0
vio:    4422.4
