Best:   0
Median: 0
c:      [0,0,0]
v:      0
Mean:   1.584e-05
Worst:  0.000396
STD:    7.75998e-05
SR:     96
vio:    0.0532785
