Best:   -0.609172
Median: 0
c:      [2,0,0]
v:      819.504
Mean:   -0.0243669
Worst:  0
STD:    0.119373
SR:     0
vio:    803.125
