Best:   0.06021
Median: 0.068142
c:      [1,0,0]
v:      4422.4
Mean:   0.0651502
Worst:  0.068107
STD:    0.0146346
SR:     0
vio:    4422.4
