Best:   0
Median: 0
c:      [0,0,3]
v:      0.000106433
Mean:   1.636e-05
Worst:  0.000409
STD:    8.01473e-05
SR:     0
vio:    0.0133924
