Best:   0
Median: 0
c:      [0,0,0]
v:      0
Mean:   4.52e-06
Worst:  0.000113
STD:    2.21434e-05
SR:     100
vio:    0
