Best:   0.010503
Median: 0.223952
c:      [1,1,0]
v:      5.54544
Mean:   0.160651
Worst:  0.364624
STD:    0.103854
SR:     0
vio:    5.46625
