Best:   0.000669
Median: 0
c:      [2,0,0]
v:      1.00067
Mean:   2.676e-05
Worst:  0
STD:    0.000131097
SR:     0
vio:    0.980657
