Best:   0.000861
Median: 0.008567
c:      [0,0,0]
v:      0
Mean:   1.97892
Worst:  11.5585
STD:    3.67972
SR:     100
vio:    0
