Best:   0.181873
Median: -1.59237
c:      [0,0,0]
v:      5.2408e-09
Mean:   -0.0916142
Worst:  -2.77183
STD:    1.63779
SR:     0
vio:    9.80854e-08
