Best:   1.69198
Median: 1.34394
c:      [1,1,0]
v:      4.68983
Mean:   1.05911
Worst:  1.00561
STD:    0.42901
SR:     0
vio:    4.94023
