Best:   2.3771
Median: 2.38205
c:      [0,0,0]
v:      0
Mean:   2.40307
Worst:  2.63792
STD:    0.0685319
SR:     100
vio:    0
