Best:   0.034421
Median: 0
c:      [2,0,0]
v:      97.1802
Mean:   0.00137684
Worst:  0
STD:    0.00674511
SR:     0
vio:    95.4566
