Best:   171.546
Median: 0
c:      [0,0,0]
v:      4.12937e-15
Mean:   76.6651
Worst:  0
STD:    113.771
SR:     32
vio:    1.57403e-14
