Best:   0
Median: 0
c:      [0,0,0]
v:      0
Mean:   0.00331392
Worst:  0.082848
STD:    0.0162348
SR:     96
vio:    0.0088186
