Best:   2.53892
Median: 3.34475
c:      [0,0,0]
v:      0
Mean:   3.34205
Worst:  3.87843
STD:    0.382588
SR:     100
vio:    0
