Best:   36.6711
Median: 38.1981
c:      [0,0,0]
v:      0
Mean:   41.1421
Worst:  79.6499
STD:    9.19334
SR:     80
vio:    0.871678
