Best:   2.99005
Median: 2.98973
c:      [0,1,0]
v:      0.333308
Mean:   2.98985
Worst:  2.98989
STD:    0.000136516
SR:     0
vio:    0.333286
