Best:   1.29388
Median: 0.999909
c:      [1,0,0]
v:      5.5
Mean:   1.13374
Worst:  1.02738
STD:    0.280273
SR:     0
vio:    5.10003
