Best:   1e-06
Median: 4e-06
c:      [0,0,0]
v:      0
Mean:   0.0795992
Worst:  0.994962
STD:    0.269926
SR:     52
vio:    0.0480243
