Best:   6.2e-05
Median: 0.000229
c:      [0,0,0]
v:      0
Mean:   0.00032404
Worst:  0.000898
STD:    0.000220191
SR:     100
vio:    0
