Best:   0
Median: 0
c:      [0,0,3]
v:      0.00103615
Mean:   -1.78134
Worst:  -44.5334
STD:    8.72673
SR:     0
vio:    1454.76
