Best:   1.25467
Median: 0.015586
c:      [1,0,0]
v:      4.5
Mean:   0.904442
Worst:  0.901473
STD:    0.397832
SR:     0
vio:    4.9
