Best:   0.059464
Median: -0.346822
c:      [0,0,0]
v:      1.25891e-15
Mean:   0.178753
Worst:  1.81476
STD:    0.818095
SR:     0
vio:    1.32376e-09
