Best:   0
Median: 0
c:      [0,0,0]
v:      0
Mean:   0.159463
Worst:  3.98658
STD:    0.781207
SR:     100
vio:    0
