Best:   0
Median: 0
c:      [0,0,0]
v:      0
Mean:   0.720001
Worst:  2
STD:    0.960002
SR:     64
vio:    0.0865512
