Best:   56.5487
Median: 70.6857
c:      [0,0,0]
v:      0
Mean:   69.8062
Worst:  76.9687
STD:    8.01049
SR:     92
vio:    6.86876e-06
