Best:   0.340723
Median: 0.847394
c:      [0,0,0]
v:      0
Mean:   0.834936
Worst:  1.1303
STD:    0.18556
SR:     100
vio:    0
