Best:   -0.011956
Median: 0.85306
c:      [0,0,0]
v:      1.02039e-11
Mean:   0.150403
Worst:  1.50583
STD:    0.918727
SR:     0
vio:    3.01283e-10
