Best:   -1.82003
Median: -1.88346
c:      [1,0,1]
v:      459.237
Mean:   -1.89178
Worst:  -2.14553
STD:    0.0635553
SR:     0
vio:    462.747
