Best:   1.36962
Median: 1.02012
c:      [1,0,0]
v:      5.5
Mean:   1.06495
Worst:  1.00971
STD:    0.22217
SR:     0
vio:    5.26008
