Best:   51.8361
Median: 69.115
c:      [0,0,0]
v:      0
Mean:   69.6805
Worst:  83.252
STD:    9.51733
SR:     96
vio:    2.35334e-06
