Best:   2e-06
Median: 9e-06
c:      [1,0,0]
v:      0.500005
Mean:   7.4e-06
Worst:  2e-05
STD:    4.80833e-06
SR:     0
vio:    0.500003
