Best:   0
Median: 0
c:      [0,0,0]
v:      0
Mean:   0.00612152
Worst:  0.153038
STD:    0.0299892
SR:     96
vio:    176.896
