Best:   0
Median: 0
c:      [0,0,1]
v:      0.00117594
Mean:   0.00013096
Worst:  0
STD:    0.00064157
SR:     0
vio:    0.00117594
