Best:   0
Median: 0
c:      [0,0,0]
v:      0
Mean:   1.32e-05
Worst:  0.00033
STD:    6.46665e-05
SR:     96
vio:    0.0532844
