Best:   0.037461
Median: 0.092989
c:      [0,0,0]
v:      0
Mean:   0.141892
Worst:  0.401269
STD:    0.0966756
SR:     100
vio:    0
