Best:   0.001107
Median: 0
c:      [2,0,0]
v:      1.00111
Mean:   4.428e-05
Worst:  0
STD:    0.000216927
SR:     0
vio:    0.981088
