Best:   0.000744
Median: 0
c:      [2,0,0]
v:      1.00074
Mean:   2.976e-05
Worst:  0
STD:    0.000145794
SR:     0
vio:    0.980725
