Best:   49.25
Median: 0.000119
c:      [0,1,0]
v:      0.332647
Mean:   3.94011
Worst:  2.9e-05
STD:    13.3612
SR:     0
vio:    0.328841
