Best:   0.000165
Median: 0
c:      [2,0,0]
v:      1.00016
Mean:   6.6e-06
Worst:  0
STD:    3.23333e-05
SR:     0
vio:    0.980157
