Best:   -0.366023
Median: -0.366024
c:      [0,1,0]
v:      0.499999
Mean:   -0.366024
Worst:  -0.366025
STD:    9.58332e-07
SR:     0
vio:    0.499999
