Best:   0
Median: 0
c:      [0,0,0]
v:      0
Mean:   0.00432136
Worst:  0.108034
STD:    0.0211703
SR:     96
vio:    176.896
