Best:   0
Median: 0
c:      [0,0,0]
v:      0
Mean:   0.199026
Worst:  4.97565
STD:    0.975024
SR:     96
vio:    0.0126783
