Best:   0
Median: 0
c:      [0,0,1]
v:      0.000204705
Mean:   2.28e-05
Worst:  0
STD:    0.000111697
SR:     0
vio:    0.000204705
