Best:   163.52
Median: 1208.07
c:      [0,0,3]
v:      0.000147927
Mean:   790.102
Worst:  892.405
STD:    399.747
SR:     24
vio:    0.000180916
