Best:   0
Median: 1e-06
c:      [0,0,0]
v:      9.43423e-10
Mean:   0.0397989
Worst:  0.99496
STD:    0.194971
SR:     0
vio:    0.0111265
