Best:   0.109512
Median: 9.55652
c:      [0,0,0]
v:      0
Mean:   9.08921
Worst:  18.6121
STD:    4.87892
SR:     100
vio:    0
