Best:   3.6e-05
Median: 0.008045
c:      [0,0,0]
v:      0
Mean:   5.20081
Worst:  67.8639
STD:    16.2379
SR:     100
vio:    0
