Best:   3.98803
Median: 3.9882
c:      [0,0,0]
v:      0
Mean:   3.98832
Worst:  3.98929
STD:    0.000281601
SR:     100
vio:    0
