Best:   20.1558
Median: 0
c:      [2,0,0]
v:      119902
Mean:   0.806232
Worst:  0
STD:    3.94971
SR:     0
vio:    119898
