Best:   0
Median: 0
c:      [0,0,0]
v:      0
Mean:   0.00560976
Worst:  0.140244
STD:    0.0274821
SR:     100
vio:    0
