Best:   0
Median: 0
c:      [0,0,0]
v:      0
Mean:   0.0017338
Worst:  0.043345
STD:    0.00849385
SR:     96
vio:    78.6204
