Best:   0
Median: 0
c:      [1,0,0]
v:      2
Mean:   7.596e-05
Worst:  0.001899
STD:    0.000372126
SR:     0
vio:    2.02
