Best:   0
Median: 0
c:      [0,0,1]
v:      0.000927185
Mean:   0.00010328
Worst:  0
STD:    0.000505967
SR:     0
vio:    0.000927185
