Best:   5.6e-05
Median: 2.24399
c:      [0,0,0]
v:      0
Mean:   2.15379
Worst:  4.3472
STD:    1.40667
SR:     100
vio:    0
