Best:   0
Median: 0
c:      [0,0,0]
v:      0
Mean:   0.00062532
Worst:  0.015633
STD:    0.00306343
SR:     96
vio:    0.00522824
