Best:   0
Median: 0
c:      [0,0,3]
v:      0.000110038
Mean:   8.76e-06
Worst:  0.000219
STD:    4.29151e-05
SR:     0
vio:    0.0134059
