Best:   1.15515
Median: 1.15515
c:      [1,1,0]
v:      1.6846
Mean:   1.15515
Worst:  1.15515
STD:    7.11056e-07
SR:     0
vio:    1.68461
