Best:   0.302642
Median: 2.36471
c:      [0,0,0]
v:      2.73372e-07
Mean:   -0.000909
Worst:  -11.4009
STD:    3.49707
SR:     0
vio:    0.00936451
