Best:   3.9879
Median: 3.98825
c:      [0,0,0]
v:      0
Mean:   5.17093
Worst:  22.9409
STD:    4.18044
SR:     100
vio:    0
