Best:   0
Median: 0
c:      [1,0,0]
v:      2
Mean:   8.144e-05
Worst:  0.002036
STD:    0.000398973
SR:     0
vio:    2.01999
