Best:   0.033651
Median: 0.036086
c:      [1,0,0]
v:      4422.4
Mean:   0.0329836
Worst:  0.030381
STD:    0.00778531
SR:     0
vio:    4422.4
