Best:   0
Median: 0
c:      [0,0,0]
v:      0
Mean:   0.0044828
Worst:  0.11207
STD:    0.0219611
SR:     96
vio:    196.551
