Best:   0
Median: 0
c:      [0,0,0]
v:      3.19961e-06
Mean:   8.4e-07
Worst:  2.1e-05
STD:    4.11514e-06
SR:     0
vio:    0.0133282
