Best:   0.00355
Median: 0.001826
c:      [1,0,0]
v:      4422.4
Mean:   0.00258508
Worst:  0.003003
STD:    0.00164888
SR:     0
vio:    4422.4
