Best:   3.98798
Median: 3.98841
c:      [0,0,0]
v:      0
Mean:   3.9885
Worst:  3.98917
STD:    0.000360685
SR:     100
vio:    0
