Best:   1.2e-05
Median: 0.000318
c:      [0,0,0]
v:      0
Mean:   0.0115472
Worst:  0.149509
STD:    0.0350216
SR:     100
vio:    0
