Best:   0.116581
Median: 0.085835
c:      [0,1,0]
v:      0.222239
Mean:   0.169752
Worst:  0.012507
STD:    0.0829335
SR:     12
vio:    0.27258
