Best:   3.2466
Median: 3.71659
c:      [0,0,0]
v:      0
Mean:   3.75709
Worst:  4.20645
STD:    0.270905
SR:     100
vio:    0
