Best:   0
Median: 0
c:      [0,0,0]
v:      0
Mean:   0.363089
Worst:  9.07722
STD:    1.77876
SR:     96
vio:    0.629604
