Best:   0
Median: 0
c:      [0,0,1]
v:      0.00127871
Mean:   0.0001424
Worst:  0
STD:    0.000697615
SR:     0
vio:    0.00127871
