Best:   -0.134528
Median: -0.134515
c:      [1,1,0]
v:      0.666474
Mean:   -0.134551
Worst:  -0.134567
STD:    7.55825e-05
SR:     0
vio:    0.666381
