Best:   -337.341
Median: -286.037
c:      [0,0,2]
v:      7.22887e-05
Mean:   -277.439
Worst:  -209.93
STD:    59.3328
SR:     48
vio:    0.000128154
