Best:   -5.26771
Median: -29.3905
c:      [1,0,0]
v:      1.58041
Mean:   -36.3354
Worst:  -179.396
STD:    35.4424
SR:     0
vio:    4.83341
