Best:   3.9879
Median: 3.98792
c:      [0,0,0]
v:      0
Mean:   4.74419
Worst:  22.8941
STD:    3.70484
SR:     100
vio:    0
