Best:   0.074004
Median: 0.3179
c:      [0,0,0]
v:      0
Mean:   0.332895
Worst:  0.621671
STD:    0.153765
SR:     100
vio:    0
