Best:   0
Median: 0
c:      [1,0,0]
v:      2
Mean:   2.352e-05
Worst:  0.000588
STD:    0.000115224
SR:     0
vio:    2.02
