Best:   2.31822
Median: 1.15515
c:      [1,1,0]
v:      1.68463
Mean:   1.20168
Worst:  1.15515
STD:    0.227913
SR:     0
vio:    1.67991
