Best:   0
Median: 0
c:      [0,0,3]
v:      0.000208048
Mean:   -1.19953
Worst:  -29.9883
STD:    5.87649
SR:     0
vio:    4617.93
