Best:   2.38054
Median: 2.40086
c:      [0,0,0]
v:      0
Mean:   2.47909
Worst:  3.29742
STD:    0.187222
SR:     100
vio:    0
