Best:   0.187731
Median: 1.58901
c:      [1,0,1]
v:      4.50057
Mean:   0.930776
Worst:  1.01043
STD:    0.50612
SR:     0
vio:    4.90209
