Best:   3.9879
Median: 3.98797
c:      [0,0,0]
v:      0
Mean:   9.89086
Worst:  39.6545
STD:    8.71
SR:     100
vio:    0
