Best:   0.001044
Median: 0.001893
c:      [0,0,1]
v:      0.000679755
Mean:   0.0018936
Worst:  0.002729
STD:    0.000438412
SR:     0
vio:    0.000680062
