Best:   3.9e-05
Median: 0.000128
c:      [0,0,0]
v:      0
Mean:   0.00014328
Worst:  0.000358
STD:    7.46809e-05
SR:     100
vio:    0
