Best:   2.38107
Median: 2.45794
c:      [0,0,0]
v:      0
Mean:   2.80558
Worst:  3.79573
STD:    0.549418
SR:     100
vio:    0
