Best:   2.98975
Median: 2.98977
c:      [0,1,0]
v:      0.333305
Mean:   2.98976
Worst:  2.98986
STD:    0.000101794
SR:     0
vio:    0.333304
