Best:   0
Median: 0
c:      [0,3,0]
v:      0.0134582
Mean:   -0.952585
Worst:  -23.8146
STD:    4.66669
SR:     0
vio:    3831.39
