Best:   1.19684
Median: 0.014896
c:      [1,0,0]
v:      4.5
Mean:   0.496483
Worst:  0.013543
STD:    0.572665
SR:     0
vio:    4.9
