Best:   0.010503
Median: 0.270468
c:      [1,1,0]
v:      5.54545
Mean:   0.180842
Worst:  0.223852
STD:    0.156324
SR:     0
vio:    5.38707
