Best:   0.000759
Median: 0.001087
c:      [0,0,1]
v:      0.000390237
Mean:   0.001092
Worst:  0.001505
STD:    0.000182211
SR:     0
vio:    0.000392211
