Best:   -32.3793
Median: 0
c:      [3,0,0]
v:      57699.6
Mean:   -1.29517
Worst:  0
STD:    6.34501
SR:     0
vio:    56930.6
