Best:   3.16626
Median: 3.78029
c:      [0,0,0]
v:      0
Mean:   3.70877
Worst:  4.05247
STD:    0.237827
SR:     100
vio:    0
