Best:   0.004472
Median: 10.4142
c:      [0,0,0]
v:      0
Mean:   4.81074
Worst:  1.30969
STD:    4.95762
SR:     68
vio:    3.70767e-14
