Best:   5e-06
Median: 7e-06
c:      [1,0,0]
v:      0.500005
Mean:   7.24e-06
Worst:  1.8e-05
STD:    4.54559e-06
SR:     0
vio:    0.500003
