Best:   0.012987
Median: 9.84027
c:      [1,0,0]
v:      4425.73
Mean:   8.23044
Worst:  19.5039
STD:    7.64915
SR:     0
vio:    4425.73
